26    25
70    69
114    112
158    155
202    198
246    242
290    286
514    508
558    552
602    596
646    640
690    684
734    728
971    965
1015    1009
1059    1053
1103    1097
1147    1141
1191    1185
1236    1230
1280    1274
1324    1318
1368    1362
1412    1406
1456    1450
1500    1494
1544    1538
1588    1582
1632    1626
1676    1670
1720    1714
1764    1758
1808    1802
1853    1847
2047    2040
2091    2084
2135    2128
2179    2172
2223    2215
2267    2259
2311    2303
2355    2347
2399    2391
2443    2435
2487    2479
2532    2524
2771    2762
2815    2806
2862    2852
2907    2897
2951    2940
2995    2983
3039    3027
3083    3071
3127    3114
3171    3158
3215    3201
3259    3244
3303    3288
3347    3332
